0243 0
0009 0
0027 0
0276 0
0056 0
0073 0
0199 0
0506 0
0515 0
0532 0
0418 0
0422 0
0315 0
0460 0
0333 0
0226 0
0347 0
0102 0
0358 0
0357 0
0006 1
0377 1
0011 1
0375 1
0153 1
0147 1
0278 1
0053 1
0298 1
0510 1
0402 1
0528 1
0317 1
0208 1
0207 1
0250 2
0487 2
0164 2
0293 2
0055 2
0192 2
0072 2
0095 2
0099 2
0310 2
0432 2
0322 2
0453 2
0343 2
0341 2
0005 3
0245 3
0021 3
0393 3
0022 3
0279 3
0159 3
0058 3
0177 3
0090 3
0511 3
0309 3
0329 3
0328 3
0455 3
0332 3
0330 3
0331 3
0459 3
0465 3
0115 3
0127 4
0367 4
0488 4
0121 4
0275 4
0299 4
0074 4
0083 4
0522 4
0520 4
0405 4
0526 4
0533 4
0439 4
0203 4
0334 4
0481 4
0110 4
0231 4
0119 4
0494 5
0126 5
0363 5
0376 5
0387 5
0144 5
0061 5
0501 5
0518 5
0519 5
0414 5
0530 5
0410 5
0541 5
0206 5
0230 5
0344 5
0100 5
0361 5
0356 5
0355 5
0474 5
0484 6
0139 6
0253 6
0150 6
0145 6
0284 6
0154 6
0169 6
0182 6
0066 6
0523 6
0537 6
0314 6
0313 6
0446 6
0469 6
0235 6
0236 6
0131 7
0373 7
0004 7
0124 7
0137 7
0031 7
0032 7
0274 7
0390 7
0270 7
0035 7
0398 7
0183 7
0188 7
0082 7
0091 7
0417 7
0421 7
0326 7
0441 7
0337 7
0472 7
0120 7
0246 8
0020 8
0161 8
0054 8
0065 8
0180 8
0193 8
0087 8
0514 8
0407 8
0307 8
0204 8
0205 8
0461 8
0215 8
0458 8
0113 8
0002 9
0366 9
0378 9
0014 9
0149 9
0026 9
0269 9
0024 9
0038 9
0059 9
0543 9
0423 9
0428 9
0324 9
0442 9
0239 9
0125 10
0365 10
0497 10
0023 10
0043 10
0039 10
0036 10
0048 10
0047 10
0168 10
0505 10
0536 10
0424 10
0425 10
0320 10
0350 10
0222 10
0241 10
0117 10
0354 10
0012 11
0030 11
0042 11
0396 11
0397 11
0173 11
0184 11
0305 11
0306 11
0447 11
0440 11
0106 11
0466 11
0228 11
0473 11
0111 11
0370 12
0123 12
0140 12
0273 12
0385 12
0282 12
0156 12
0051 12
0062 12
0194 12
0191 12
0503 12
0521 12
0527 12
0415 12
0448 12
0234 12
0352 12
0384 13
0017 13
0016 13
0392 13
0040 13
0160 13
0165 13
0071 13
0187 13
0513 13
0433 13
0438 13
0457 13
0223 13
0362 13
0480 13
0490 14
0244 14
0129 14
0271 14
0272 14
0029 14
0294 14
0044 14
0045 14
0069 14
0413 14
0542 14
0308 14
0434 14
0325 14
0211 14
0212 14
0454 14
0452 14
0463 14
0492 15
0260 15
0261 15
0258 15
0135 15
0256 15
0025 15
0158 15
0195 15
0080 15
0081 15
0316 15
0323 15
0345 15
0372 16
0249 16
0003 16
0263 16
0259 16
0266 16
0157 16
0170 16
0287 16
0063 16
0196 16
0086 16
0077 16
0408 16
0202 16
0327 16
0336 16
0456 16
0224 16
0221 16
0114 16
0010 17
0252 17
0379 17
0254 17
0019 17
0395 17
0291 17
0290 17
0288 17
0289 17
0181 17
0189 17
0416 17
0303 17
0450 17
0451 17
0351 17
0232 17
0493 18
0247 18
0368 18
0013 18
0495 18
0277 18
0052 18
0190 18
0516 18
0406 18
0535 18
0302 18
0430 18
0444 18
0321 18
0210 18
0339 18
0482 18
0478 18
0491 19
0132 19
0388 19
0386 19
0280 19
0295 19
0046 19
0525 19
0540 19
0319 19
0216 19
0213 19
0335 19
0471 19
0467 19
0462 19
0108 19
0237 19
0130 20
0371 20
0380 20
0136 20
0151 20
0143 20
0174 20
0175 20
0172 20
0050 20
0286 20
0079 20
0509 20
0404 20
0107 20
0483 20
0122 21
0364 21
0262 21
0383 21
0138 21
0498 21
0496 21
0028 21
0163 21
0162 21
0171 21
0076 21
0198 21
0524 21
0531 21
0538 21
0437 21
0209 21
0103 21
0220 21
0109 21
0359 21
0369 22
0007 22
0257 22
0255 22
0197 22
0078 22
0088 22
0401 22
0409 22
0534 22
0412 22
0300 22
0312 22
0200 22
0201 22
0218 22
0349 22
0240 22
0112 22
0251 23
0248 23
0381 23
0134 23
0133 23
0155 23
0094 23
0502 23
0517 23
0301 23
0318 23
0443 23
0340 23
0214 23
0229 23
0116 23
0479 23
0233 23
0128 24
0489 24
0001 24
0394 24
0391 24
0283 24
0281 24
0399 24
0297 24
0097 24
0504 24
0529 24
0539 24
0485 25
0142 25
0265 25
0049 25
0167 25
0185 25
0075 25
0070 25
0419 25
0429 25
0426 25
0105 25
0141 26
0285 26
0041 26
0037 26
0178 26
0179 26
0411 26
0304 26
0436 26
0348 26
0104 26
0225 26
0464 26
0238 26
0475 26
0382 27
0015 27
0152 27
0146 27
0267 27
0064 27
0060 27
0068 27
0096 27
0089 27
0507 27
0508 27
0512 27
0403 27
0400 27
0449 27
0338 27
0242 28
0008 28
0033 28
0034 28
0166 28
0186 28
0067 28
0084 28
0085 28
0098 28
0500 28
0427 28
0311 28
0445 28
0219 28
0468 28
0227 28
0346 28
0101 28
0342 28
0477 28
0353 28
0486 29
0018 29
0499 29
0374 29
0268 29
0389 29
0148 29
0264 29
0296 29
0292 29
0057 29
0176 29
0093 29
0092 29
0420 29
0435 29
0431 29
0217 29
0470 29
0360 29
0476 29
0118 29
