0123 0
0363 0
0381 0
0013 0
0256 0
0163 0
0284 0
0175 0
0051 0
0055 0
0297 0
0056 0
0081 0
0600 0
0509 0
0638 0
0635 0
0652 0
0549 0
0435 0
0436 0
0675 0
0553 0
0671 0
0561 0
0206 0
0456 0
0577 0
0212 0
0459 0
0348 0
0251 1
0491 1
0369 1
0141 1
0142 1
0255 1
0377 1
0032 1
0149 1
0264 1
0155 1
0059 1
0298 1
0545 1
0677 1
0559 1
0569 1
0328 1
0215 1
0579 1
0214 1
0472 1
0224 1
0231 1
0492 2
0490 2
0261 2
0253 2
0272 2
0280 2
0160 2
0286 2
0186 2
0192 2
0098 2
0502 2
0626 2
0648 2
0534 2
0530 2
0664 2
0560 2
0314 2
0313 2
0450 2
0329 2
0582 2
0332 2
0468 2
0588 2
0240 2
0235 2
0128 3
0364 3
0263 3
0259 3
0498 3
0043 3
0054 3
0294 3
0065 3
0067 3
0607 3
0642 3
0423 3
0556 3
0568 3
0200 3
0448 3
0335 3
0574 3
0218 3
0101 3
0481 3
0238 3
0359 3
0372 4
0371 4
0006 4
0242 4
0243 4
0147 4
0519 4
0636 4
0416 4
0301 4
0669 4
0438 4
0334 4
0226 4
0469 4
0373 5
0137 5
0387 5
0023 5
0039 5
0083 5
0602 5
0614 5
0631 5
0400 5
0520 5
0647 5
0554 5
0203 5
0320 5
0591 5
0127 6
0488 6
0018 6
0258 6
0045 6
0180 6
0194 6
0071 6
0069 6
0188 6
0505 6
0518 6
0644 6
0403 6
0521 6
0525 6
0543 6
0302 6
0676 6
0470 6
0225 6
0237 6
0352 6
0245 7
0121 7
0499 7
0135 7
0145 7
0025 7
0022 7
0279 7
0295 7
0184 7
0197 7
0087 7
0507 7
0627 7
0649 7
0426 7
0336 7
0576 7
0452 7
0217 7
0590 7
0131 8
0002 8
0001 8
0382 8
0266 8
0164 8
0276 8
0044 8
0097 8
0089 8
0622 8
0621 8
0662 8
0660 8
0315 8
0457 8
0458 8
0454 8
0120 8
0480 8
0115 8
0497 9
0277 9
0036 9
0053 9
0172 9
0052 9
0049 9
0046 9
0047 9
0165 9
0060 9
0182 9
0076 9
0606 9
0628 9
0536 9
0546 9
0668 9
0318 9
0204 9
0208 9
0578 9
0227 9
0114 9
0473 9
0250 10
0247 10
0365 10
0384 10
0267 10
0034 10
0174 10
0058 10
0409 10
0406 10
0407 10
0317 10
0564 10
0337 10
0104 10
0344 10
0584 10
0109 10
0236 10
0596 10
0119 10
0130 11
0133 11
0375 11
0151 11
0269 11
0171 11
0290 11
0178 11
0196 11
0503 11
0417 11
0418 11
0551 11
0326 11
0566 11
0471 11
0341 11
0357 11
0113 11
0007 12
0244 12
0262 12
0140 12
0376 12
0150 12
0268 12
0144 12
0156 12
0166 12
0086 12
0634 12
0413 12
0531 12
0419 12
0681 12
0319 12
0340 12
0455 12
0333 12
0230 12
0103 12
0462 12
0599 12
0476 12
0597 12
0110 12
0489 13
0380 13
0014 13
0254 13
0024 13
0283 13
0189 13
0604 13
0616 13
0527 13
0526 13
0658 13
0673 13
0679 13
0205 13
0322 13
0589 13
0222 13
0583 13
0463 13
0107 13
0008 14
0035 14
0296 14
0068 14
0082 14
0090 14
0623 14
0529 14
0646 14
0411 14
0670 14
0552 14
0437 14
0460 14
0350 14
0351 14
0108 14
0358 14
0356 14
0354 14
0355 14
0353 14
0252 15
0021 15
0378 15
0374 15
0158 15
0275 15
0050 15
0078 15
0605 15
0619 15
0501 15
0414 15
0303 15
0431 15
0571 15
0461 15
0464 15
0465 15
0009 16
0383 16
0257 16
0132 16
0496 16
0389 16
0027 16
0041 16
0159 16
0183 16
0193 16
0610 16
0558 16
0563 16
0562 16
0580 16
0213 16
0572 16
0345 16
0248 17
0124 17
0366 17
0162 17
0038 17
0287 17
0176 17
0075 17
0611 17
0504 17
0632 17
0522 17
0643 17
0439 17
0570 17
0567 17
0323 17
0575 17
0210 17
0466 17
0233 17
0493 18
0367 18
0003 18
0134 18
0030 18
0154 18
0289 18
0062 18
0057 18
0601 18
0514 18
0523 18
0535 18
0678 18
0565 18
0581 18
0346 18
0467 18
0234 18
0139 19
0153 19
0388 19
0399 19
0048 19
0063 19
0179 19
0195 19
0084 19
0508 19
0402 19
0401 19
0650 19
0422 19
0309 19
0306 19
0682 19
0361 19
0360 19
0116 19
0478 19
0594 19
0239 19
0494 20
0019 20
0273 20
0390 20
0037 20
0061 20
0070 20
0085 20
0615 20
0506 20
0625 20
0655 20
0533 20
0654 20
0415 20
0537 20
0667 20
0541 20
0663 20
0433 20
0674 20
0202 20
0209 20
0338 20
0593 20
0106 20
0595 20
0136 21
0152 21
0271 21
0177 21
0072 21
0096 21
0093 21
0094 21
0618 21
0630 21
0515 21
0404 21
0540 21
0308 21
0547 21
0312 21
0311 21
0105 21
0118 21
0004 22
0126 22
0016 22
0026 22
0386 22
0173 22
0170 22
0187 22
0609 22
0511 22
0639 22
0410 22
0659 22
0544 22
0307 22
0310 22
0430 22
0201 22
0441 22
0453 22
0330 22
0331 22
0585 22
0221 22
0117 22
0249 23
0005 23
0122 23
0138 23
0274 23
0143 23
0157 23
0077 23
0095 23
0608 23
0612 23
0651 23
0539 23
0421 23
0542 23
0680 23
0207 23
0573 23
0342 23
0228 23
0362 23
0598 23
0474 23
0368 24
0486 24
0487 24
0484 24
0485 24
0015 24
0028 24
0148 24
0282 24
0033 24
0066 24
0091 24
0617 24
0500 24
0641 24
0657 24
0427 24
0555 24
0550 24
0324 24
0440 24
0587 24
0100 24
0349 24
0483 24
0479 24
0232 24
0281 25
0064 25
0185 25
0198 25
0199 25
0088 25
0524 25
0645 25
0656 25
0532 25
0424 25
0666 25
0446 25
0447 25
0444 25
0445 25
0442 25
0443 25
0592 25
0477 25
0010 26
0260 26
0379 26
0394 26
0395 26
0392 26
0393 26
0146 26
0161 26
0398 26
0396 26
0397 26
0191 26
0092 26
0633 26
0517 26
0557 26
0432 26
0327 26
0229 26
0475 26
0129 27
0017 27
0495 27
0012 27
0391 27
0029 27
0265 27
0040 27
0278 27
0169 27
0624 27
0408 27
0425 27
0420 27
0548 27
0672 27
0321 27
0339 27
0220 27
0241 27
0125 28
0031 28
0288 28
0299 28
0073 28
0074 28
0603 28
0613 28
0516 28
0528 28
0653 28
0304 28
0300 28
0428 28
0429 28
0325 28
0216 28
0347 28
0343 28
0370 29
0246 29
0020 29
0011 29
0270 29
0385 29
0285 29
0291 29
0292 29
0167 29
0190 29
0079 29
0620 29
0629 29
0512 29
0640 29
0405 29
0538 29
0665 29
0219 29
0102 29
0586 29
0482 29
0111 29
0042 30
0293 30
0168 30
0181 30
0080 30
0099 30
0513 30
0510 30
0637 30
0412 30
0661 30
0305 30
0434 30
0316 30
0449 30
0211 30
0451 30
0223 30
0112 30
