0370 0
0004 0
0242 0
0364 0
0018 0
0014 0
0133 0
0271 0
0392 0
0391 0
0027 0
0148 0
0387 0
0385 0
0282 0
0155 0
0053 0
0174 0
0294 0
0046 0
0047 0
0044 0
0186 0
0183 0
0059 0
0176 0
0297 0
0076 0
0194 0
0187 0
0067 0
0086 0
0078 0
0089 0
0400 0
0404 0
0420 0
0305 0
0436 0
0321 0
0440 0
0455 0
0453 0
0218 0
0226 0
0102 0
0223 0
0341 0
0120 0
0362 0
0116 0
0118 0
0365 1
0124 1
0366 1
0009 1
0263 1
0031 1
0390 1
0149 1
0038 1
0278 1
0295 1
0064 1
0298 1
0411 1
0425 1
0308 1
0429 1
0435 1
0324 1
0206 1
0207 1
0344 1
0238 1
0359 1
0112 1
0113 1
0231 1
0111 1
0130 2
0131 2
0368 2
0008 2
0381 2
0379 2
0266 2
0023 2
0144 2
0283 2
0296 2
0293 2
0292 2
0290 2
0061 2
0058 2
0068 2
0188 2
0094 2
0408 2
0437 2
0452 2
0108 2
0241 2
0356 2
0232 2
0141 3
0016 3
0032 3
0146 3
0163 3
0037 3
0045 3
0070 3
0090 3
0421 3
0314 3
0310 3
0325 3
0326 3
0203 3
0442 3
0443 3
0320 3
0213 3
0348 3
0237 3
0357 3
0354 3
0353 3
0140 4
0380 4
0139 4
0030 4
0267 4
0291 4
0050 4
0171 4
0073 4
0193 4
0087 4
0080 4
0081 4
0199 4
0098 4
0413 4
0414 4
0415 4
0424 4
0205 4
0329 4
0327 4
0336 4
0459 4
0230 4
0349 4
0236 4
0234 4
0127 5
0002 5
0001 5
0142 5
0015 5
0132 5
0374 5
0151 5
0029 5
0281 5
0158 5
0275 5
0169 5
0049 5
0288 5
0181 5
0299 5
0055 5
0195 5
0092 5
0403 5
0412 5
0433 5
0331 5
0350 5
0227 5
0100 5
0221 5
0372 6
0007 6
0017 6
0012 6
0375 6
0274 6
0147 6
0024 6
0154 6
0168 6
0177 6
0072 6
0084 6
0309 6
0427 6
0315 6
0431 6
0316 6
0224 6
0222 6
0240 6
0361 6
0121 7
0137 7
0019 7
0272 7
0265 7
0164 7
0051 7
0173 7
0289 7
0166 7
0185 7
0180 7
0069 7
0405 7
0416 7
0303 7
0447 7
0323 7
0322 7
0448 7
0337 7
0454 7
0107 7
0115 7
0239 7
0246 8
0123 8
0003 8
0382 8
0377 8
0264 8
0043 8
0285 8
0161 8
0036 8
0172 8
0048 8
0165 8
0062 8
0060 8
0179 8
0192 8
0409 8
0407 8
0418 8
0439 8
0441 8
0225 8
0235 8
0262 9
0259 9
0378 9
0269 9
0042 9
0160 9
0057 9
0197 9
0189 9
0082 9
0097 9
0301 9
0432 9
0318 9
0319 9
0438 9
0449 9
0460 9
0217 9
0338 9
0343 9
0119 9
0373 10
0384 10
0134 10
0152 10
0394 10
0395 10
0393 10
0270 10
0280 10
0033 10
0190 10
0191 10
0077 10
0198 10
0402 10
0428 10
0340 10
0330 10
0351 10
0347 10
0101 10
0006 11
0247 11
0244 11
0122 11
0021 11
0013 11
0011 11
0268 11
0143 11
0277 11
0157 11
0167 11
0182 11
0093 11
0419 11
0302 11
0311 11
0202 11
0328 11
0219 11
0117 11
0125 12
0126 12
0020 12
0261 12
0138 12
0150 12
0025 12
0386 12
0040 12
0286 12
0287 12
0063 12
0178 12
0074 12
0095 12
0417 12
0300 12
0306 12
0317 12
0450 12
0444 12
0215 12
0332 12
0333 12
0109 12
0229 12
0114 12
0369 13
0363 13
0035 13
0052 13
0406 13
0422 13
0312 13
0313 13
0214 13
0211 13
0212 13
0210 13
0105 13
0103 13
0345 13
0358 13
0233 13
0355 13
0110 13
0252 14
0257 14
0255 14
0135 14
0022 14
0284 14
0162 14
0159 14
0175 14
0075 14
0196 14
0083 14
0079 14
0410 14
0204 14
0445 14
0457 14
0216 14
0458 14
0334 14
0456 14
0249 15
0245 15
0243 15
0129 15
0136 15
0376 15
0041 15
0039 15
0279 15
0054 15
0071 15
0091 15
0099 15
0401 15
0423 15
0426 15
0200 15
0461 15
0451 15
0346 15
0228 15
0360 15
0352 15
0248 16
0026 16
0389 16
0156 16
0398 16
0399 16
0396 16
0397 16
0065 16
0066 16
0304 16
0307 16
0201 16
0220 16
0342 16
0128 17
0005 17
0383 17
0260 17
0258 17
0153 17
0028 17
0145 17
0276 17
0184 17
0085 17
0096 17
0088 17
0434 17
0430 17
0446 17
0208 17
0209 17
0335 17
0339 17
0104 17
0251 18
0010 18
0250 18
0371 18
0367 18
0256 18
0253 18
0254 18
0273 18
0388 18
0034 18
0170 18
0056 18
0106 18
