0004 0
0256 0
0164 0
0157 0
0065 0
0180 0
0218 0
0229 0
0110 0
0246 1
0243 1
0012 1
0152 1
0150 1
0052 1
0046 1
0182 1
0083 1
0089 1
0207 1
0217 1
0104 1
0128 2
0019 2
0031 2
0156 2
0055 2
0076 2
0071 2
0188 2
0093 2
0208 2
0010 3
0140 3
0261 3
0017 3
0132 3
0162 3
0056 3
0195 3
0095 3
0096 3
0236 3
0251 4
0254 4
0027 4
0148 4
0022 4
0072 4
0191 4
0199 4
0097 4
0204 4
0224 4
0137 5
0026 5
0041 5
0036 5
0034 5
0050 5
0048 5
0045 5
0186 5
0062 5
0179 5
0084 5
0103 5
0002 6
0244 6
0018 6
0171 6
0044 6
0066 6
0078 6
0220 6
0233 6
0149 7
0161 7
0175 7
0060 7
0068 7
0198 7
0092 7
0227 7
0117 7
0115 7
0119 7
0005 8
0159 8
0033 8
0059 8
0079 8
0202 8
0215 8
0216 8
0214 8
0123 9
0020 9
0016 9
0255 9
0145 9
0144 9
0063 9
0192 9
0193 9
0098 9
0209 9
0248 10
0009 10
0170 10
0197 10
0074 10
0189 10
0210 10
0108 10
0240 10
0234 10
0124 11
0139 11
0013 11
0253 11
0133 11
0042 11
0169 11
0088 11
0223 11
0239 11
0006 12
0030 12
0035 12
0185 12
0187 12
0080 12
0077 12
0090 12
0205 12
0219 12
0222 12
0237 12
0111 12
0001 13
0129 13
0141 13
0134 13
0053 13
0172 13
0167 13
0047 13
0057 13
0206 13
0226 13
0142 14
0014 14
0039 14
0158 14
0070 14
0082 14
0081 14
0099 14
0221 14
0235 14
0249 15
0015 15
0257 15
0135 15
0029 15
0049 15
0196 15
0073 15
0067 15
0094 15
0212 15
0105 15
0102 15
0113 15
0131 16
0127 16
0242 16
0259 16
0136 16
0011 16
0023 16
0043 16
0181 16
0061 16
0178 16
0190 16
0086 16
0213 16
0101 16
0238 16
0130 17
0007 17
0126 17
0247 17
0245 17
0143 17
0160 17
0054 17
0166 17
0177 17
0091 17
0225 17
0112 17
0032 18
0153 18
0024 18
0163 18
0038 18
0058 18
0211 18
0230 18
0100 18
0260 19
0028 19
0146 19
0040 19
0037 19
0168 19
0176 19
0069 19
0201 19
0107 19
0228 19
0241 19
0003 20
0021 20
0138 20
0154 20
0184 20
0087 20
0200 20
0109 20
0114 20
0232 20
0118 20
0250 21
0125 21
0121 21
0122 21
0008 21
0147 21
0155 21
0051 21
0064 21
0075 21
0194 21
0085 21
0120 21
0116 21
0231 21
0252 22
0258 22
0151 22
0025 22
0174 22
0173 22
0165 22
0183 22
0203 22
0106 22
