0010 0
0094 0
0039 0
0054 0
0172 0
0176 0
0001 1
0129 1
0153 1
0022 1
0154 1
0169 1
0075 1
0074 1
0106 1
0127 2
0009 2
0017 2
0029 2
0146 2
0050 2
0076 2
0105 2
0104 2
0085 2
0097 3
0096 3
0088 3
0140 3
0018 3
0139 3
0019 3
0031 3
0030 3
0028 3
0143 3
0177 3
0082 3
0112 3
0090 4
0125 4
0135 4
0026 4
0147 4
0025 4
0023 4
0051 4
0046 4
0065 4
0062 4
0061 4
0078 4
0095 5
0151 5
0144 5
0041 5
0048 5
0047 5
0044 5
0059 5
0178 5
0055 5
0071 5
0016 6
0100 6
0109 6
0107 6
0108 6
0116 6
0114 6
0118 6
0121 7
0141 7
0014 7
0162 7
0174 7
0165 7
0060 7
0057 7
0101 7
0084 7
0083 7
0117 7
0130 8
0131 8
0093 8
0003 8
0122 8
0163 8
0175 8
0180 8
0066 8
0092 9
0008 9
0150 9
0164 9
0168 9
0068 9
0067 9
0086 9
0087 9
0080 9
0043 10
0040 10
0161 10
0170 10
0079 10
0007 11
0005 11
0126 11
0099 11
0132 11
0149 11
0063 11
0013 12
0133 12
0152 12
0155 12
0102 12
0004 13
0020 13
0021 13
0015 13
0027 13
0181 13
0056 13
0069 13
0120 13
0081 13
0098 14
0142 14
0011 14
0012 14
0160 14
0052 14
0171 14
0064 14
0073 14
0124 15
0089 15
0032 15
0037 15
0038 15
0035 15
0036 15
0033 15
0034 15
0179 15
0110 15
0111 15
0024 16
0159 16
0166 16
0103 16
0115 16
0119 16
0091 17
0123 17
0138 17
0137 17
0134 17
0042 17
0157 17
0049 17
0167 17
0045 17
0002 18
0148 18
0145 18
0058 18
0072 18
0070 18
0113 18
0006 19
0128 19
0136 19
0158 19
0156 19
0053 19
0173 19
0077 19
